51 -1417475850 3336
51 519966089 7469
52 -1077775052 18284
52 1635854652 12539
52 109627853 107381
53 245827179 1236
53 -1650299441 7332
54 -1579103941 16484
54 -1109843021 19653
54 -395505247 54353
55 -1067367135 116819
55 1957244918 7561
56 1638533572 6170
56 62364819 9890
56 106934911 48017
56 3493088 184426
56 104087234 23172
57 107923 11561
58 -1881762047 9115
58 3492754 13983
59 1090493483 89319
59 1589592904 1659
59 1223440372 23316
60 184581246 956
60 110760 102177
60 3773 24553
60 103785605 4890
61 -1354778399 13404
61 3506294 49586
61 -1420605239 7315
61 3240726 39262
61 3365 7756270
61 2099229993 28383
62 -1416125171 95420
62 100 293287
62 94851404 413
62 3123490 194
63 -1840647503 7143
63 825312327 69373
64 -881112188 57442
64 1098695255 8484
65 -1021130956 7679
65 1968600364 354006
65 -1737370588 381115
66 422194963 97495
66 -1613589672 64448
66 1728911401 58029
67 -1268301211 2099
67 -381615798 5503
67 94673395 43398
67 -571336623 3348
68 -1274803961 8520
68 3151786 1785059
68 3143098 30804
68 -1221262756 112495
68 -233204595 19750
68 703802017 11842
69 -934348459 2647
69 542738246 13620
69 3360 114703
69 -865598561 19216
69 3522646 21070
69 3707 10073275
69 114801 24564713
70 -1890412961 365
70 1812117208 1006
71 165869123 228
71 -1383304148 24744
72 -959783003 1437
72 115 3864690
72 3365 7756270
72 114801 24564713
72 117 632565
72 -903338959 5260
73 -959783003 1437
73 -1294903736 6000
73 2045486514 226097
73 -903338959 5260
73 -1423004545 60168
74 -982670030 99853
74 -1553988912 2729
75 344200471 16019
76 -1183762788 17079
76 -1405564421 15896
76 115 3864690
76 117 632565
76 1379043793 44722
77 226581595 390
78 -322910901 1087
79 101659 983
79 1707117674 28095
79 -210452739 82192
79 106437350 138450
80 -1411310768 20444
80 -1624252268 29656
80 1516328 205710
80 -2014337440 15872
81 3543 12232702
81 111336 2864
81 -721066978 35
81 101577 4333145
81 -1351805523 2560
81 3365 7756270
81 3641764 9293
81 114801 24564713
81 357555337 120582
82 1706610451 43087
82 -80146087 5324
83 -1272816350 12386
83 3707 10073275
83 -309012785 27233
83 114801 24564713
83 -976812331 32530
84 1076356494 113173
84 1884393831 1656
84 -196794451 34573
84 -1298713976 131103
84 2037210682 25455
84 106748523 93749
85 -765289749 92452
85 1625742043 6408
86 675938345 7485
86 3016252 181083
87 -765293059 34023
87 3543 12232702
87 -1064834623 186285
87 -1161803523 34091
87 1945697379 22021
87 -1281977283 37519
88 106934601 200316
88 94940391 21327
88 -865586570 11565
88 110034 154276
89 -1077769574 118740
89 -2050297182 9033
89 3417663 10054
89 3159 2267098
89 -892482046 246676
89 -330553344 19842
90 102105 155026
90 3543 12232702
90 -350385353 15645
90 3076010 424611
90 -979797550 6123
90 3551 2740973
90 110034 154276
90 1728911401 58029
91 3543 12232702
91 1272352653 42650
91 115 3864690
91 1223328215 35086
91 -718837726 44504
91 -1737370588 381115
91 3002781 65148
91 117 632565
92 109201676 209245
92 1076356494 113173
92 -1416125171 95420
92 2064805518 163433
93 -347204197 8941
93 3089017 144810
93 -87499647 70247
93 2045486514 226097
93 114801 24564713
93 108510920 3051
93 3648196 314854
94 -599163109 317650
94 94929138 21672
94 92808923 16847
95 -599163109 317650
95 -1863857531 16513
95 94929138 21672
95 92808923 16847
96 -599163109 317650
96 1196993265 5414
96 92808923 16847
96 940776081 58582
97 937207075 156845
97 97424620 27431
97 -1010137338 3228
98 1076356494 113173
98 97424620 27431
98 -920234302 35109
98 -1010137338 3228
99 -1354778399 13404
99 -1420605239 7315
99 3240726 39262
100 3202466 298701
100 3543 12232702
100 1280882667 60933
100 -1714544941 14750
100 114801 24564713
100 -1679325940 160432