51 -1867613285 10967
51 92822301 3336
52 1992432151 15196
52 -1077775052 19960
52 109627853 107383
53 -1377543416 8782
53 69791024 12050
54 -2129148822 20959
54 -566947566 163468
54 -1109843021 46704
55 110621028 269372
55 100360585 47406
56 3357649 195532
56 3317999 14513
56 106934911 48782
56 -318720807 55653
56 3493088 344959
57 107923 11571
58 -891985998 50455
58 3492754 17334
59 1223440372 24751
59 97203460 9493
59 108397196 175213
60 110744 109160
60 118 104498
60 103785605 8271
60 -905957840 59385
61 -1354778399 22999
61 3506294 55360
61 3242201 34412
61 -1420605239 35248
61 3240726 39264
62 100 296953
62 3059719 13020
62 -1416125187 95452
62 3123490 205
63 1280888311 23419
63 -1081755682 139597
64 3552391 269297
64 -1211484210 21852
65 1098377545 18571
65 -1184170135 381279
65 -887328209 947950
66 104592254 94531
66 -309518737 284451
66 -52051283 77407
67 104085439 11272
67 94673395 45627
67 106848312 106430
67 1671892479 9262
68 -1332084768 21280
68 97424620 36032
68 3143098 45994
68 -1224222702 41371
68 -1221262756 112827
69 3360 115816
69 3522646 26711
69 -865598577 21325
69 108407056 8326
69 -675228979 62298
70 -891053702 1258
70 -1890412961 365
71 -1184253736 645
71 -1383304148 31803
72 803469643 2612
72 117 783339
72 109407362 38942
72 0 3864690
73 803469643 2612
73 -2115311590 16214
73 109407362 38942
73 -1052618937 356420
73 -1423004545 60180
74 -982670046 131605
74 -580047918 24585
75 93182110 35499
76 -1183762788 29981
76 -422032659 42779
76 117 783339
76 -1008619738 76972
76 0 3864690
77 106837543 592
78 2067793498 1087
79 101659 983
79 106848312 106430
79 106855039 181902
79 106437334 184452
80 1874684019 40726
80 -1367723345 44090
80 1516328 205718
80 1589369513 29794
81 -853258274 128709
81 111336 2865
81 1916402421 97
81 -1351805523 3594
81 3641764 10163
82 96654979 129216
82 98240511 8554
83 -1980721245 20538
83 -1078110233 158353
83 -309012785 125681
84 -1183778575 93404
84 108399245 18434
84 -1414642920 68808
84 96757808 128638
84 -1298713992 137208
84 106748523 141243
85 -1019789632 309310
85 955180557 9650
86 3016252 285723
86 -1281976773 41893
87 -1422950858 177595
87 -1064834623 186302
87 105650889 365996
87 3135262 68238
87 -1352163784 25699
88 106934601 418112
88 94940391 21997
88 110034 158587
88 110625181 29701
89 -1077769574 246795
89 -2050297182 9041
89 -1183703051 129563
89 109757585 660819
89 3417663 10054
90 3076010 424702
90 104592254 94531
90 -979797550 6227
90 110034 158587
90 3290 167062
90 -934441783 74417
91 -1421975485 89006
91 -1731150181 63732
91 117 783339
91 -791821796 42589
91 -887328209 947950
91 3002765 66392
91 0 3864690
92 3522631 282269
92 -1183762670 217251
92 96757808 128638
92 -1416125187 95452
93 3015911 208208
93 99642 164529
93 -1408198924 170685
93 -1052618937 356420
93 3500349 5712
93 3648196 314881
94 96572 124986
94 -1354811922 456599
94 94929138 30487
95 96572 124986
95 -1354811922 456599
95 -1335220573 58020
95 94929138 30487
96 -238481982 5414
96 96572 124986
96 -1354811922 456599
96 103772134 63586
97 97424620 36032
97 -1411061563 401816
97 105962253 56277
98 97424620 36032
98 105962253 56277
98 96757808 128638
98 -1262383068 123991
99 -1354778399 22999
99 -1420605239 35248
99 3240726 39264
100 3202466 303501
100 1280882667 89205
100 -1679325956 204721
100 951543133 356149