51 -1417475850 1137
51 519966089 4355
52 -1077775052 9513
52 1635854652 6238
52 109627853 53092
53 245827179 906
53 -1650299441 4797
54 -1579103941 7798
54 -1109843021 12176
54 -395505247 27125
55 -1067367135 55526
55 1957244918 3879
56 1638533572 5474
56 62364819 6449
56 106934911 28049
56 3493088 74048
56 104087234 18171
57 107923 4516
58 -1881762047 6572
58 3492754 5153
59 1090493483 63585
59 1589592904 996
59 1223440372 14052
60 184581246 702
60 110760 63287
60 3773 12580
60 103785605 3840
61 3506294 38622
61 -1354778399 5985
61 -1420605239 5607
61 3240726 12551
61 3365 894979
61 2099229993 9803
62 -1416125171 46685
62 100 121539
62 94851404 379
62 3123490 184
63 -1840647503 3931
63 825312327 32470
64 -881112188 48285
64 1098695255 4542
65 -1021130956 4551
65 1968600364 133679
65 -1737370588 142315
66 422194963 48061
66 1728911401 27272
66 -1613589672 31768
67 -1268301211 1643
67 -381615798 5070
67 94673395 25364
67 -571336623 3136
68 -1274803961 2104
68 3151786 574981
68 3143098 22564
68 -1221262756 45264
68 -233204595 7085
68 703802017 3489
69 542738246 12198
69 -934348459 2462
69 3360 45801
69 3522646 9858
69 -865598561 8302
69 3707 913194
69 114801 975713
70 -1890412961 285
70 1812117208 563
71 165869123 205
71 -1383304148 14141
72 -959783003 1155
72 115 675367
72 3365 894979
72 114801 975713
72 -903338959 4309
72 117 217820
73 -959783003 1155
73 -1294903736 4109
73 2045486514 125507
73 -903338959 4309
73 -1423004545 43449
74 -1553988912 2460
74 -982670030 54394
75 344200471 10383
76 -1183762788 11212
76 -1405564421 10604
76 115 675367
76 117 217820
76 1379043793 29030
77 226581595 246
78 -322910901 479
79 101659 479
79 1707117674 17721
79 -210452739 49162
79 106437350 56205
80 -1411310768 12527
80 -1624252268 19820
80 1516328 86227
80 -2014337440 9630
81 3543 981263
81 111336 578
81 -721066978 25
81 -1351805523 2091
81 101577 805757
81 3365 894979
81 3641764 8394
81 114801 975713
81 357555337 71240
82 1706610451 26074
82 -80146087 3008
83 -1272816350 8527
83 3707 913194
83 -309012785 20366
83 -976812331 22739
83 114801 975713
84 1076356494 63921
84 1884393831 1127
84 -196794451 21614
84 -1298713976 64063
84 2037210682 14931
84 106748523 37449
85 -765289749 58514
85 1625742043 4620
86 675938345 5310
86 3016252 61108
87 -765293059 20727
87 -1161803523 21270
87 -1064834623 117852
87 3543 981263
87 1945697379 13808
87 -1281977283 30574
88 106934601 92255
88 94940391 10115
88 -865586570 10094
88 110034 46330
89 -1077769574 50956
89 -2050297182 2013
89 3417663 2438
89 3159 630832
89 -892482046 115510
89 -330553344 13390
90 102105 46188
90 3543 981263
90 -350385353 9982
90 3076010 138572
90 -979797550 5609
90 3551 682462
90 110034 46330
90 1728911401 27272
91 3543 981263
91 1272352653 25192
91 115 675367
91 1223328215 17701
91 -718837726 29744
91 -1737370588 142315
91 3002781 29854
91 117 217820
92 109201676 91942
92 1076356494 63921
92 -1416125171 46685
92 2064805518 104366
93 -347204197 7076
93 3089017 82938
93 -87499647 44776
93 2045486514 125507
93 114801 975713
93 108510920 2298
93 3648196 170983
94 -599163109 132124
94 94929138 13148
94 92808923 11953
95 -599163109 132124
95 -1863857531 7931
95 94929138 13148
95 92808923 11953
96 -599163109 132124
96 1196993265 3750
96 92808923 11953
96 940776081 29131
97 97424620 8584
97 937207075 68950
97 -1010137338 2220
98 1076356494 63921
98 97424620 8584
98 -920234302 21692
98 -1010137338 2220
99 -1354778399 5985
99 -1420605239 5607
99 3240726 12551
100 3202466 169704
100 3543 981263
100 1280882667 29129
100 -1714544941 8950
100 114801 975713
100 -1679325940 80571