51 -1867613285 5474
51 92822301 1137
52 1992432151 7844
52 -1077775052 9762
52 109627853 53092
53 -1377543416 5002
53 69791024 7716
54 -2129148822 9133
54 -566947566 56618
54 -1109843021 30305
55 110621028 107019
55 100360585 30740
56 3357649 118273
56 3317999 10023
56 106934911 28452
56 -318720807 41935
56 3493088 116065
57 107923 4519
58 -891985998 23894
58 3492754 6141
59 1223440372 15098
59 97203460 7124
59 108397196 108248
60 110744 66901
60 118 42443
60 103785605 6760
60 -905957840 44672
61 -1354778399 6775
61 3506294 41803
61 3242201 10333
61 -1420605239 25656
61 3240726 12551
62 100 123010
62 -1416125187 46692
62 3059719 6893
62 3123490 190
63 1280888311 13585
63 -1081755682 63622
64 3552391 173119
64 -1211484210 7248
65 1098377545 9791
65 -1184170135 145398
65 -887328209 260887
66 104592254 51937
66 -309518737 123087
66 -52051283 35281
67 104085439 9747
67 94673395 27084
67 106848312 59286
67 1671892479 7302
68 -1332084768 7545
68 97424620 9786
68 3143098 29662
68 -1224222702 11511
68 -1221262756 45373
69 3360 46125
69 3522646 10954
69 -865598577 9116
69 108407056 7039
69 -675228979 49738
70 -891053702 727
70 -1890412961 285
71 -1184253736 518
71 -1383304148 18520
72 803469643 2038
72 109407362 23522
72 117 283780
72 0 675367
73 803469643 2038
73 -2115311590 8911
73 109407362 23522
73 -1423004545 43459
73 -1052618937 184531
74 -580047918 17885
74 -982670046 67443
75 93182110 20869
76 -1183762788 21550
76 -422032659 24992
76 117 283780
76 -1008619738 50383
76 0 675367
77 106837543 394
78 2067793498 479
79 101659 479
79 106848312 59286
79 106855039 80951
79 106437334 71466
80 1874684019 19752
80 -1367723345 24292
80 1516328 86228
80 1589369513 19921
81 -853258274 75889
81 111336 579
81 1916402421 81
81 -1351805523 2973
81 3641764 9075
82 96654979 59815
82 98240511 4208
83 -1980721245 12824
83 -1078110233 85075
83 -309012785 63579
84 -1183778575 47799
84 108399245 12916
84 -1414642920 37563
84 96757808 72583
84 -1298713992 67075
84 106748523 53238
85 -1019789632 160103
85 955180557 6965
86 3016252 79012
86 -1281976773 25815
87 -1422950858 88172
87 -1064834623 117859
87 105650889 171389
87 3135262 49858
87 -1352163784 15844
88 106934601 146693
88 94940391 10332
88 110034 47229
88 110625181 23895
89 -1077769574 106094
89 -2050297182 2019
89 -1183703051 64456
89 109757585 231221
89 3417663 2438
90 3076010 138613
90 -979797550 5697
90 104592254 51937
90 110034 47229
90 3290 54009
90 -934441783 38391
91 -1421975485 57161
91 -1731150181 33674
91 117 283780
91 -791821796 21565
91 -887328209 260887
91 3002765 30515
91 0 675367
92 3522631 119619
92 -1183762670 130630
92 96757808 72583
92 -1416125187 46692
93 3015911 131280
93 99642 86525
93 -1408198924 101742
93 -1052618937 184531
93 3500349 4079
93 3648196 170990
94 96572 60761
94 -1354811922 158612
94 94929138 17445
95 96572 60761
95 -1354811922 158612
95 -1335220573 25411
95 94929138 17445
96 -238481982 3750
96 96572 60761
96 -1354811922 158612
96 103772134 30572
97 97424620 9786
97 -1411061563 114052
97 105962253 18039
98 97424620 9786
98 105962253 18039
98 96757808 72583
98 -1262383068 63964
99 -1354778399 6775
99 -1420605239 25656
99 3240726 12551
100 3202466 171480
100 1280882667 40513
100 -1679325956 94164
100 951543133 143084