51 -1417475850 2.97687924492773
51 519966089 2.3936515502717834
52 -1077775052 2.054322212868714
52 109627853 1.3076106238937557
52 1635854652 2.2375943391943403
53 245827179 3.0755115119386516
53 -1650299441 2.351669991149568
54 -1579103941 2.140656478763498
54 -1109843021 1.947135070188967
54 -395505247 1.5992699627588793
55 -1067367135 1.2881433208628303
55 1957244918 2.443919930015409
56 1638533572 2.2943349165413607
56 106934911 1.5847223271685085
56 62364819 2.2231473326781233
56 3493088 1.1631263766798288
56 104087234 1.7732608812325017
57 107923 2.3778857763625343
58 -1881762047 2.214942154852441
58 3492754 2.3205795671543905
59 1090493483 1.2292850339915624
59 1589592904 3.0343803711917663
59 1223440372 1.8849015684954766
60 110760 1.2313252003578183
60 184581246 3.18630259748566
60 3773 1.9329590685062152
60 103785605 2.4483084852479347
61 -1354778399 2.255575554873036
61 3506294 1.4458049501028523
61 -1420605239 2.28390915351697
61 3365 0.08082686456895871
61 3240726 1.933961380039026
61 2099229993 2.0412807069775147
62 -1416125171 1.3634623464725921
62 100 0.9479240508826647
62 94851404 3.4540004996473925
62 3123490 3.7678218866059283
63 -1840647503 2.438136665795376
63 825312327 1.5211574209894634
64 -881112188 1.3488274738741701
64 1098695255 2.375392579731749
65 -1021130956 2.374532874109072
65 1968600364 0.9065765215041157
65 -1737370588 0.8793890324833473
66 422194963 1.350846906735521
66 -1613589672 1.5306498355596387
66 1728911401 1.5969227213946304
67 -381615798 2.327631750282129
67 -1268301211 2.8170021461804033
67 94673395 1.6284219651005412
67 -571336623 2.5362636556030638
68 -1274803961 2.7095939741337633
68 3151786 0.2729862157632086
68 3143098 1.6792236185621094
68 -1221262756 1.3768867795025495
68 -233204595 2.1822998550319856
68 703802017 2.489938740167354
69 -934348459 2.6413516610201673
69 542738246 1.9463510805937831
69 3360 1.3717647493028453
69 -865598561 2.1134569805729644
69 3522646 2.03885089579676
69 3707 0.07207666025264636
69 114801 0.04331761822533586
70 1812117208 3.2821313147641185
70 -1890412961 3.5777948496069545
71 165869123 3.7208858485597105
71 -1383304148 1.8821595873451304
72 -959783003 2.970057725387302
72 115 0.20309987343457614
72 3365 0.08082686456895871
72 114801 0.04331761822533586
72 117 0.6945419559089263
72 -903338959 2.398263215527097
73 -959783003 2.970057725387302
73 -1294903736 2.4189035683535933
73 2045486514 0.9339717608773412
73 -903338959 2.398263215527097
73 -1423004545 1.3946599242158113
74 -982670030 1.2970887126857118
74 -1553988912 2.641704602512086
75 344200471 2.0163168556016746
76 -1183762788 1.9829566205272169
76 -1405564421 2.0071699905544094
76 115 0.20309987343457614
76 117 0.6945419559089263
76 1379043793 1.569792673783791
77 226581595 3.641704602512086
78 -322910901 3.352304196200902
79 101659 3.352304196200902
79 1707117674 1.7841514840380217
79 -210452739 1.3410101671484922
79 106437350 1.282864757465986
80 -1624252268 1.7355360594662086
80 -1411310768 1.9347926321921287
80 1516328 1.0969964331763213
80 -2014337440 2.04901342249093
81 3543 0.04085428618993614
81 111336 3.2707118711949357
81 -721066978 4.634699700943427
81 101577 0.12643562248890472
81 -1351805523 2.7122856767977934
81 3365 0.08082686456895871
81 114801 0.04331761822533586
81 3641764 2.1086707447399937
81 357555337 1.1799157988242595
82 1706610451 1.6164320484252341
82 -80146087 2.5543618776958605
83 -1272816350 2.101843446632165
83 3707 0.07207666025264636
83 -309012785 1.7237339701838987
83 114801 0.04331761822533586
83 -976812331 1.6758683479458654
84 1076356494 1.2269961490184667
84 1884393831 2.9807157935693582
84 -196794451 1.6979045624836315
84 -1298713976 1.226032437277376
84 2037210682 1.85855081415178
84 106748523 1.459199484383193
85 -765289749 1.2653799222456499
85 1625742043 2.36799773405934
86 3016252 1.246541639660614
86 675938345 2.307545188533996
87 -765293059 1.7161032622119095
87 3543 0.04085428618993614
87 -1064834623 0.9613027525252233
87 -1161803523 1.704872219712736
87 1945697379 1.8925089312443308
87 -1281977283 1.5472874483743269
88 106934601 1.0676497964259477
88 94940391 2.0276738225086417
88 110034 1.3667774094123093
88 -865586570 2.0285764092177976
89 -1077769574 1.3254443806749316
89 -2050297182 2.7287959347268105
89 3417663 2.645606008333102
89 3159 0.2327259940915578
89 -892482046 0.9700201257611232
89 -330553344 1.9058591326034557
90 102105 1.368110552473249
90 3543 0.04085428618993614
90 3076010 0.8909642244620901
90 -350385353 2.0334221440853617
90 -979797550 2.2837542696059483
90 3551 0.19856123507447876
90 110034 1.3667774094123093
90 1728911401 1.5969227213946304
91 3543 0.04085428618993614
91 1272352653 1.6313770619869778
91 115 0.20309987343457614
91 1223328215 1.7846419075353444
91 -718837726 1.5592403371876422
91 3002781 1.5576371811335221
91 -1737370588 0.8793890324833473
91 117 0.6945419559089263
92 109201676 1.069125762958227
92 1076356494 1.2269961490184667
92 -1416125171 1.3634623464725921
92 2064805518 1.014080670885373
93 -347204197 2.1828518853777794
93 3089017 1.1138861512114895
93 -87499647 1.3815944157167914
93 2045486514 0.9339717608773412
93 114801 0.04331761822533586
93 3648196 0.7996867768444123
93 108510920 2.6712896852631984
94 -599163109 0.9116579963094464
94 92808923 1.9551627901111228
94 94929138 1.9137800142058783
95 -599163109 0.9116579963094464
95 -1863857531 2.133311759737811
95 92808923 1.9551627901111228
95 94929138 1.9137800142058783
96 -599163109 0.9116579963094464
96 1196993265 2.4586084418877463
96 92808923 1.9551627901111228
96 940776081 1.5682843164046307
97 937207075 1.1941054391035966
97 97424620 2.0989500006575703
97 -1010137338 2.6862867351648263
98 1076356494 1.2269961490184667
98 97424620 2.0989500006575703
98 -920234302 1.696340113852048
98 -1010137338 2.6862867351648263
99 -1354778399 2.255575554873036
99 -1420605239 2.28390915351697
99 3240726 1.933961380039026
100 3202466 0.8029476306598724
100 3543 0.04085428618993614
100 1280882667 1.568314134082768
100 -1714544941 2.080816674299553
100 114801 0.04331761822533586
100 -1679325940 1.1264609557295548