51 -1867613285 2.2943349165413607
51 92822301 2.97687924492773
52 1992432151 2.1381021246197185
52 -1077775052 2.043100906294963
52 109627853 1.3076106238937557
53 -1377543416 2.3334960222209813
53 69791024 2.1452474906436185
54 -2129148822 2.072026251967556
54 -566947566 1.2796851855313625
54 -1109843021 1.551125421269436
55 110621028 1.0031788210646049
55 100360585 1.5449358464517386
56 3357649 0.9597540967655682
56 3317999 2.031641979257671
56 106934911 1.5785269095896526
56 -318720807 1.4100630622619876
56 3493088 0.9679384338777677
57 107923 2.377597368284263
58 -891985998 1.6543508502585356
58 3492754 2.244400612233297
59 1223440372 1.85372028858
59 97203460 2.179915798824259
59 108397196 0.9982198285807113
60 110744 1.2072071001998674
60 118 1.404833636049717
60 103785605 2.2026930136738287
60 -905957840 1.3826043130084162
61 3506294 1.4114322594984738
61 -1354778399 2.2017304100690214
61 3242201 2.018413280226236
61 -1420605239 1.6234507626950814
61 3240726 1.933961380039026
62 100 0.9426992911168304
62 3059719 2.1942314311212785
62 -1416125187 1.3633972327640977
62 3123490 3.753886108662636
63 1280888311 1.8995800668615557
63 -1081755682 1.2290323922928579
64 3552391 0.7942949748288708
64 -1211484210 2.1724215249467083
65 1098377545 2.0418126590479857
65 -1184170135 0.8700812769228286
65 -887328209 0.6161872708714276
66 104592254 1.3171628494410443
66 -309518737 0.9424275228612418
66 -52051283 1.4850988233958455
67 104085439 2.04376874355082
67 94673395 1.5999269044900783
67 106848312 1.259687559937218
67 1671892479 2.169197881001757
68 -1332084768 2.1549804655038565
68 97424620 2.0420344981915455
68 3143098 1.560439279049863
68 -1224222702 1.9715266556974864
68 -1221262756 1.3758422144496834
69 3360 1.3687033304483487
69 3522646 1.9930669730226986
69 -865598577 2.072835393107127
69 108407056 2.1851287444122174
69 -675228979 1.3359513916173515
70 -891053702 3.171105298756427
70 -1890412961 3.5777948496069545
71 -1184253736 3.318309949870232
71 -1383304148 1.7649987272695498
72 803469643 2.7234355299450574
72 117 0.5796579252442182
72 109407362 1.661165463978537
72 0 0.20309987343457614
73 803469643 2.7234355299450574
73 -2115311590 2.0827132659475525
73 109407362 1.661165463978537
73 -1052618937 0.7665703743614865
73 -1423004545 1.3945599807160596
74 -982670046 1.203702829278912
74 -580047918 1.780150765130477
75 93182110 1.713138070558971
76 -1183762788 1.6991924351187144
76 -422032659 1.6348386974182585
76 117 0.5796579252442182
76 -1008619738 1.3303556860989536
76 0 0.20309987343457614
77 106837543 3.437143487789891
78 2067793498 3.352304196200902
79 101659 3.352304196200902
79 106848312 1.259687559937218
79 106855039 1.124417491587228
79 106437334 1.1785402345877865
80 -1367723345 1.6471764371649398
80 1874684019 1.7370286326915894
80 1516328 1.0969913965640812
80 1589369513 1.7333285741431812
81 -853258274 1.1524608795106452
81 111336 3.2699611458880287
81 1916402421 4.124154690736815
81 -1351805523 2.5594448004105272
81 3641764 2.0747930759073148
82 96654979 1.2558296025444529
82 98240511 2.4085639784697825
83 -1078110233 1.102837751847618
83 -1980721245 1.9246162002693765
83 -309012785 1.22932601676803
84 -1183778575 1.3532208987570034
84 -1414642920 1.4578794393489645
84 108399245 1.9215116732703414
84 -1298713992 1.2060790282714882
84 96757808 1.1718047951237587
84 106748523 1.306417977712881
85 -1019789632 0.8282402398370836
85 955180557 2.189718588855483
86 3016252 1.134946654552743
86 -1281976773 1.620767580232224
87 -1422950858 1.0873090176367022
87 -1064834623 0.9612769577055147
87 105650889 0.798656764797264
87 -1352163784 1.83277487588321
87 3135262 1.334904856353945
88 106934601 0.8662303192480252
88 94940391 2.0184553121141855
88 110034 1.3584309594459132
88 110625181 1.6543326747586526
89 -1077769574 1.0069488859457252
89 -2050297182 2.7275033906718256
89 -1183703051 1.2233763589794728
89 109757585 0.668612434495218
89 3417663 2.645606008333102
90 3076010 0.8908357465582508
90 104592254 1.3171628494410443
90 -979797550 2.276993490158785
90 110034 1.3584309594459132
90 -934441783 1.4484102849472489
90 3290 1.300173573410044
91 -1421975485 1.275539891688922
91 -1731150181 1.5053450020557904
91 117 0.5796579252442182
91 -791821796 1.6988902471334946
91 0 0.20309987343457614
91 3002765 1.548126335322853
91 -887328209 0.6161872708714276
92 3522631 0.9548395421721914
92 -1183762670 0.9165967827662591
92 96757808 1.1718047951237587
92 -1416125187 1.3633972327640977
93 3015911 0.9144411415704283
93 99642 1.0954981016492997
93 -1408198924 1.0251394390641186
93 -1052618937 0.7665703743614865
93 3648196 0.7996689973040754
93 3500349 2.4220860042983707
94 96572 1.2490147967797505
94 -1354811922 0.8323036682692191
94 94929138 1.7909687358313358
95 96572 1.2490147967797505
95 -1354811922 0.8323036682692191
95 -1335220573 1.627617953422381
95 94929138 1.7909687358313358
96 96572 1.2490147967797505
96 -238481982 2.4586084418877463
96 -1354811922 0.8323036682692191
96 103772134 1.547315858702528
97 97424620 2.0420344981915455
97 -1411061563 0.9755368042084269
97 105962253 1.7764272510503032
98 97424620 2.0420344981915455
98 105962253 1.7764272510503032
98 96757808 1.1718047951237587
98 -1262383068 1.2267040950101684
99 -1354778399 2.2017304100690214
99 -1420605239 1.6234507626950814
99 3240726 1.933961380039026
100 3202466 0.79842623477687
100 1280882667 1.4250453056023265
100 -1679325956 1.05875481095861
100 951543133 0.8770486370031856