51 -1417475850 7.560560623024271E-6
51 519966089 1.6924599296970725E-5
52 -1077775052 4.1427884624512676E-5
52 109627853 2.432928141509117E-4
52 1635854652 2.841157632985447E-5
53 245827179 2.802641141948164E-6
53 -1650299441 1.661420169272909E-5
54 -1579103941 3.734966792644744E-5
54 -1109843021 4.4529594990985626E-5
54 -395505247 1.2314855022590987E-4
55 -1067367135 2.646762637044337E-4
55 1957244918 1.7133041483760725E-5
56 1638533572 1.3981486246533645E-5
56 106934911 1.0879322744872024E-4
56 62364819 2.2409800755868465E-5
56 3493088 4.178518172078206E-4
56 104087234 5.2502508635703156E-5
57 107923 2.6195745257239024E-5
58 -1881762047 2.0653901899757043E-5
58 3492754 3.1683212392080135E-5
59 1090493483 2.0237017526177043E-4
59 1589592904 3.7610220659934942E-6
59 1223440372 5.282876597154838E-5
60 110760 2.3150223654161642E-4
60 184581246 2.168251877804683E-6
60 3773 5.5631407113496536E-5
60 103785605 1.108142103902059E-5
61 3506294 1.123480730038671E-4
61 -1354778399 3.037138602086915E-5
61 -1420605239 1.657568520169181E-5
61 3365 0.017573196614955076
61 3240726 8.895723456451962E-5
61 2099229993 6.4308945976602E-5
62 -1416125171 2.161930641922682E-4
62 100 6.644955660789759E-4
62 94851404 9.37989840555004E-7
62 3123490 4.418068089570671E-7
63 -1840647503 1.6185988939432242E-5
63 825312327 1.5717900289532089E-4
64 -881112188 1.3014722321497848E-4
64 1098695255 1.922426037949084E-5
65 -1021130956 1.7400391245078333E-5
65 1968600364 8.020651436844331E-4
65 -1737370588 8.634853528332389E-4
66 422194963 2.2089434177476007E-4
66 1728911401 1.3147717499373642E-4
66 -1613589672 1.4602054887422573E-4
67 -381615798 1.247028039230614E-5
67 -1268301211 4.757919481076107E-6
67 94673395 9.832807026629617E-5
67 -571336623 7.587748734344706E-6
68 -1274803961 1.9305824713452148E-5
68 3151786 0.004044367499471293
68 3143098 6.979414743549975E-5
68 -1221262756 2.5487948092530366E-4
68 -233204595 4.4749365557492474E-5
68 703802017 2.6832400197325874E-5
69 542738246 3.086077202463698E-5
69 -934348459 5.999509898042634E-6
69 3360 2.598820934082637E-4
69 3522646 4.774005780274031E-5
69 -865598561 4.353949460373312E-5
69 3707 0.022822779104122098
69 114801 0.055655681565553804
70 1812117208 2.2815356749731618E-6
70 -1890412961 8.292373952732644E-7
71 165869123 5.188397910316326E-7
71 -1383304148 5.6064151218680126E-5
72 -959783003 3.2580420065654484E-6
72 115 0.008756137427256906
72 3365 0.017573196614955076
72 114801 0.055655681565553804
72 -903338959 1.1919721138067334E-5
72 117 0.0014331895687935184
73 -959783003 3.2580420065654484E-6
73 -1294903736 1.3596321336160819E-5
73 2045486514 5.122647994439741E-4
73 -903338959 1.1919721138067334E-5
73 -1423004545 1.3632345583660394E-4
74 -1553988912 6.1852953253989396E-6
74 -982670030 2.2623680564922552E-4
75 344200471 3.629612861278059E-5
76 -1183762788 3.869774511275234E-5
76 -1405564421 3.601745047174613E-5
76 115 0.008756137427256906
76 117 0.0014331895687935184
76 1379043793 1.013278252153175E-4
77 226581595 8.858792938575038E-7
78 -322910901 2.4650554263860973E-6
79 101659 2.2294251282756617E-6
79 1707117674 6.365643130491157E-5
79 -210452739 1.8622270281337547E-4
79 106437350 3.13685100035461E-4
80 -1624252268 6.719315145251148E-5
80 -1411310768 4.632174466219096E-5
80 1516328 4.660744639864986E-4
80 -2014337440 3.596307424910526E-5
81 3543 0.02771534090948483
81 111336 6.491161577753832E-6
81 -721066978 8.15643339613047E-8
81 -1351805523 5.8023960909694814E-6
81 101577 0.009817504651308099
81 3365 0.017573196614955076
81 114801 0.055655681565553804
81 3641764 2.105719221767683E-5
81 357555337 2.7320200227933346E-4
82 1706610451 9.762344504790825E-5
82 -80146087 1.2064724398442986E-5
83 -1272816350 2.8064927910518924E-5
83 3707 0.022822779104122098
83 -309012785 6.1703418641727E-5
83 -976812331 7.370470411375563E-5
83 114801 0.055655681565553804
84 1076356494 2.5641560921490825E-4
84 1884393831 3.7542250381633854E-6
84 -196794451 7.833348006605968E-5
84 -1298713976 2.970391788795247E-4
84 2037210682 5.7675046814415896E-5
84 106748523 2.1240711969089764E-4
85 -765289749 2.094685379923473E-4
85 1625742043 1.4520717121055605E-5
86 3016252 4.1027766252913606E-4
86 675938345 1.6960850112064636E-5
87 -765293059 7.708735829720641E-5
87 -1161803523 7.724142426135554E-5
87 -1064834623 4.220637087865446E-4
87 3543 0.02771534090948483
87 1945697379 4.989471562488478E-5
87 -1281977283 8.500816139522644E-5
88 106934601 4.538534079479631E-4
88 94940391 4.832233652018629E-5
88 110034 3.495416875152279E-4
88 -865586570 2.6204807961012502E-5
89 -1077769574 2.690286271916467E-4
89 -2050297182 2.046811647240074E-5
89 3417663 2.2781371610581073E-5
89 3159 0.00513651166553722
89 -892482046 5.588901446825766E-4
89 -330553344 4.4957807744282475E-5
90 102105 3.5124094447275505E-4
90 3543 0.02771534090948483
90 3076010 9.620331936660419E-4
90 -350385353 3.5448765809960364E-5
90 -979797550 1.3874999477195277E-5
90 3551 0.006210158853201477
90 110034 3.495416875152279E-4
90 1728911401 1.3147717499373642E-4
91 3543 0.02771534090948483
91 1272352653 9.663334466065574E-5
91 115 0.008756137427256906
91 1223328215 7.949577182500827E-5
91 -718837726 1.0083390785966292E-4
91 3002781 1.4760652203458442E-4
91 -1737370588 8.634853528332389E-4
91 117 0.0014331895687935184
92 109201676 4.7408362844631005E-4
92 1076356494 2.5641560921490825E-4
92 -1416125171 2.161930641922682E-4
92 2064805518 3.702884821286631E-4
93 -347204197 2.025967428561074E-5
93 3089017 3.280947990352915E-4
93 -87499647 1.591592036698259E-4
93 2045486514 5.122647994439741E-4
93 114801 0.055655681565553804
93 3648196 7.133593991496275E-4
93 108510920 6.914842979163942E-6
94 -599163109 7.196942290872889E-4
94 92808923 3.81721082938906E-5
94 94929138 4.9103994720648794E-5
95 -599163109 7.196942290872889E-4
95 -1863857531 3.741537252880516E-5
95 92808923 3.81721082938906E-5
95 94929138 4.9103994720648794E-5
96 -599163109 7.196942290872889E-4
96 1196993265 1.2268635233346248E-5
96 92808923 3.81721082938906E-5
96 940776081 1.327300937904198E-4
97 97424620 6.215202247851418E-5
97 937207075 3.553622090137443E-4
97 -1010137338 7.315867621140357E-6
98 1076356494 2.5641560921490825E-4
98 97424620 6.215202247851418E-5
98 -920234302 7.954788237170577E-5
98 -1010137338 7.315867621140357E-6
99 -1354778399 3.037138602086915E-5
99 -1420605239 1.657568520169181E-5
99 3240726 8.895723456451962E-5
100 3202466 6.767619356363787E-4
100 3543 0.02771534090948483
100 1280882667 1.3805669793328168E-4
100 -1714544941 3.34209858406446E-5
100 114801 0.055655681565553804
100 -1679325940 3.63489188622611E-4