51 -1867613285 3.3968926175284426E-5
51 92822301 1.033500242951533E-5
52 1992432151 4.706653638637833E-5
52 -1077775052 6.182109184763425E-5
52 109627853 3.3257833409981247E-4
53 -1377543416 2.7201775947987158E-5
53 69791024 3.732307889664047E-5
54 -2129148822 6.491508867924522E-5
54 -566947566 5.062788469135276E-4
54 -1109843021 1.4464977179218266E-4
55 110621028 8.34273482003546E-4
55 100360585 1.4682393172790926E-4
56 3357649 6.055840665419302E-4
56 3317999 4.495122123523689E-5
56 106934911 1.5108553296944751E-4
56 -318720807 1.7236566533180886E-4
56 3493088 0.001068373520553074
57 107923 3.583957090630848E-5
58 -891985998 1.562669711068701E-4
58 3492754 5.368812319917538E-5
59 1223440372 7.665926884487967E-5
59 97203460 2.9403809729043615E-5
59 108397196 5.426542150689538E-4
60 110744 3.3808187000549083E-4
60 118 3.2364321812463964E-4
60 103785605 2.5619160952038E-5
60 -905957840 1.839240198619111E-4
61 3506294 1.7145821681162666E-4
61 -1354778399 7.12331602873397E-5
61 3242201 1.0658029325948787E-4
61 -1420605239 1.091694637812364E-4
61 3240726 1.2160739298619102E-4
62 100 9.196944295637684E-4
62 -1416125187 2.956269064742364E-4
62 3059719 4.032726000441088E-5
62 3123490 6.380013486605208E-7
63 1280888311 7.253393973606504E-5
63 -1081755682 4.3234811781704555E-4
64 3552391 8.340411999591307E-4
64 -1211484210 6.768079355474933E-5
65 1098377545 5.7519228385064044E-5
65 -1184170135 0.00118085997192856
65 -887328209 0.002935893283806259
66 104592254 2.9277448296881727E-4
66 -309518737 8.80974561306711E-4
66 -52051283 2.3973984658793007E-4
67 104085439 3.4913539822573065E-5
67 94673395 1.4131420163437982E-4
67 106848312 3.2962680358877616E-4
67 1671892479 2.868838103224468E-5
68 -1332084768 6.590925582934245E-5
68 97424620 1.1159758541885702E-4
68 3143098 1.4245083510505173E-4
68 -1224222702 1.2813296988729644E-4
68 -1221262756 3.494389134304332E-4
69 3360 3.5869612717386186E-4
69 3522646 8.272957293893123E-5
69 -865598577 6.604862505599159E-5
69 108407056 2.5789501117942508E-5
69 -675228979 1.9294585446699895E-4
70 -891053702 3.899241252250464E-6
70 -1890412961 1.1335363767463623E-6
71 -1184253736 2.0007226758965847E-6
71 -1383304148 9.849997520776313E-5
72 803469643 8.092706427426897E-6
72 109407362 1.2061012874216827E-4
72 117 0.0024260775556297688
72 0 0.011969311020175616
73 803469643 8.092706427426897E-6
73 -2115311590 5.021937800257449E-5
73 109407362 1.2061012874216827E-4
73 -1423004545 1.8638620953271263E-4
73 -1052618937 0.001103869314033648
74 -580047918 7.61451512532406E-5
74 -982670046 4.0759614316415775E-4
75 93182110 1.0994683435654606E-4
76 -1183762788 9.28570700754356E-5
76 -422032659 1.3249367813445185E-4
76 117 0.0024260775556297688
76 -1008619738 2.3839261073032168E-4
76 0 0.011969311020175616
77 106837543 1.8365766978431497E-6
78 2067793498 3.3696381909837218E-6
79 101659 3.047540422727925E-6
79 106848312 3.2962680358877616E-4
79 106855039 5.633706763368676E-4
79 106437334 5.712682658469857E-4
80 -1367723345 1.3655396827083022E-4
80 1874684019 1.261353443053254E-4
80 1516328 6.371310652674451E-4
80 1589369513 9.227791351136028E-5
81 -853258274 3.9862695915580406E-4
81 111336 8.876271190587635E-6
81 1916402421 3.0351520470257786E-7
81 -1351805523 1.113405266230375E-5
81 3641764 3.1478862659153075E-5
82 96654979 4.0019718577605104E-4
82 98240511 2.649563853296483E-5
83 -1078110233 4.904372114844084E-4
83 -1980721245 6.361121213659435E-5
83 -309012785 3.892489587492795E-4
84 -1183778575 2.892840581147376E-4
84 -1414642920 2.1310793592224162E-4
84 108399245 5.709492651726554E-5
84 -1298713992 4.2494916042893884E-4
84 96757808 3.9840706548709094E-4
84 106748523 4.3744593441847864E-4
85 -1019789632 9.579652192016231E-4
85 955180557 2.9890053475352845E-5
86 3016252 8.849140647799934E-4
86 -1281976773 1.297496529164265E-4
87 -1422950858 5.500314927995818E-4
87 -1064834623 5.769978896092282E-4
87 105650889 0.0011335270854645856
87 -1352163784 7.959531388628827E-5
87 3135262 2.1134259238468582E-4
88 106934601 0.0012949352324878463
88 94940391 6.812987217395212E-5
88 110034 4.911619314629838E-4
88 110625181 9.198988377628538E-5
89 -1077769574 7.643503924467083E-4
89 -2050297182 2.8003923274701114E-5
89 -1183703051 4.0127187736821224E-4
89 109757585 0.002046621607873036
89 3417663 3.1141279421269595E-5
90 3076010 0.001315345081457132
90 -979797550 1.9288700968241377E-5
90 104592254 2.9277448296881727E-4
90 110034 4.911619314629838E-4
90 -934441783 2.3047953575057592E-4
90 3290 5.174098024819057E-4
91 -1421975485 2.7566303903022804E-4
91 -1731150181 1.9738708715621832E-4
91 117 0.0024260775556297688
91 -791821796 1.319052302885999E-4
91 0 0.011969311020175616
91 3002765 2.0562535699814543E-4
91 -887328209 0.002935893283806259
92 3522631 8.742167023611903E-4
92 -1183762670 6.728498495106576E-4
92 96757808 3.9840706548709094E-4
92 -1416125187 2.956269064742364E-4
93 3015911 6.448428291420309E-4
93 99642 5.095648635685218E-4
93 -1408198924 5.286305737741246E-4
93 -1052618937 0.001103869314033648
93 3648196 9.75219129460787E-4
93 3500349 1.7693697596590073E-5
94 96572 3.8709647847103164E-4
94 -1354811922 0.00141413308639997
94 94929138 9.442419960175708E-5
95 96572 3.8709647847103164E-4
95 -1354811922 0.00141413308639997
95 -1335220573 1.7969648665355377E-4
95 94929138 9.442419960175708E-5
96 96572 3.8709647847103164E-4
96 -238481982 1.6770763606780194E-5
96 -1354811922 0.00141413308639997
96 103772134 1.9693491144308998E-4
97 97424620 1.1159758541885702E-4
97 -1411061563 0.0012444649898773034
97 105962253 1.7429825194134363E-4
98 97424620 1.1159758541885702E-4
98 105962253 1.7429825194134363E-4
98 96757808 3.9840706548709094E-4
98 -1262383068 3.840148700151228E-4
99 -1354778399 7.12331602873397E-5
99 -1420605239 1.091694637812364E-4
99 3240726 1.2160739298619102E-4
100 3202466 9.399742005881815E-4
100 1280882667 2.762793607214098E-4
100 -1679325956 6.340432626236852E-4
100 951543133 0.0011030300015798277