Performance Evaluation for term-based model - tf
Recall: 0.2826086956521739, 0.016822429906542057, 0.050788091068301226, 0.07017543859649122, 0.03827160493827161, 0.0489749430523918, 0.09978308026030369, 0.0440251572327044, 0.0, 0.0, 0.038834951456310676, 0.0, 0.03365384615384615, 0.0026666666666666666, 0.010362694300518135, 0.030456852791878174, 0.0, 0.03076923076923077, 0.019230769230769232, 0.3090909090909091, 0.002631578947368421, 0.0, 0.0, 0.002004008016032064, 0.0027397260273972603, 0.017006802721088437, 0.2971014492753623, 0.3395061728395062, 0.0, 0.0, 0.08064516129032258, 0.015025041736227046, 0.0015822784810126582, 0.0, 0.010067114093959731, 0.023474178403755867, 0.005319148936170213, 0.0, 0.005747126436781609, 0.05639097744360902
Average Recall: 0.049643903145397544
Precison: 0.39, 0.09, 0.29, 0.12, 0.31, 0.43, 0.46, 0.07, 0.0, 0.0, 0.08, 0.0, 0.07, 0.01, 0.04, 0.06, 0.0, 0.06, 0.01, 0.17, 0.01, 0.0, 0.0, 0.01, 0.01, 0.05, 0.41, 0.55, 0.0, 0.0, 0.05, 0.09, 0.01, 0.0, 0.09, 0.05, 0.01, 0.0, 0.01, 0.15
Average Precison: 0.10399999999999994
F1: 0.32773109243697474, 0.028346456692913382, 0.08643815201192251, 0.0885608856088561, 0.06813186813186814, 0.08793456032719836, 0.16399286987522285, 0.05405405405405406, NaN, NaN, 0.0522875816993464, NaN, 0.045454545454545456, 0.004210526315789474, 0.016460905349794237, 0.0404040404040404, NaN, 0.04067796610169491, 0.013157894736842106, 0.21935483870967742, 0.004166666666666667, NaN, NaN, 0.0033388981636060097, 0.004301075268817204, 0.025380710659898477, 0.3445378151260504, 0.41984732824427484, NaN, NaN, 0.06172839506172839, 0.025751072961373394, 0.00273224043715847, NaN, 0.01810865191146881, 0.031948881789137386, 0.006944444444444445, NaN, 0.0072992700729927, 0.08196721311475409
Average F1: NaN
AP: 0.15325032188405158, 0.005700322684394835, 0.07079964841424873, 0.019758048934524028, 0.10735285995759974, 0.2618950377095349, 0.2260522654645871, 0.005545995856067688, 0.0, 0.0, 0.005041237301977336, 0.0, 0.006372854452515469, 1.4705882352941175E-4, 0.0017672495318794802, 0.0031341149047031404, 0.0, 0.00410017890423461, 3.62844702467344E-4, 0.07534993335561282, 8.333333333333333E-4, 0.0, 0.0, 1.6949152542372882E-4, 3.125E-4, 0.0033601281105584023, 0.16135192119788086, 0.33103035042335927, 0.0, 0.0, 0.004798712242260016, 0.008990458970219663, 4.761904761904762E-4, 0.0, 0.007093779367761392, 0.003710935963446724, 1.7241379310344826E-4, 0.0, 1.1764705882352942E-4, 0.021098522366583827
MAP: 0.03725365894277182

Performance Evaluation for term-based model - logtf
Recall: 0.5652173913043478, 0.102803738317757, 0.06304728546409807, 0.13450292397660818, 0.1037037037037037, 0.07175398633257403, 0.10629067245119306, 0.2578616352201258, 0.015544041450777202, 0.08333333333333333, 0.3155339805825243, 0.02356902356902357, 0.08173076923076923, 0.04533333333333334, 0.04145077720207254, 0.07106598984771574, 0.0018726591760299626, 0.010256410256410256, 0.25, 0.41818181818181815, 0.08157894736842106, 0.03361344537815126, 0.0, 0.012024048096192385, 0.03561643835616438, 0.047619047619047616, 0.2971014492753623, 0.3395061728395062, 0.004310344827586207, 0.0374331550802139, 0.24193548387096775, 0.06343906510851419, 0.03164556962025317, 0.005063291139240506, 0.07941834451901567, 0.0892018779342723, 0.005319148936170213, 0.012121212121212121, 0.034482758620689655, 0.06390977443609022
Average Recall: 0.10695982620203215
Precison: 0.78, 0.55, 0.36, 0.23, 0.84, 0.63, 0.49, 0.41, 0.09, 0.05, 0.65, 0.07, 0.17, 0.17, 0.16, 0.14, 0.01, 0.02, 0.13, 0.23, 0.31, 0.04, 0.0, 0.06, 0.13, 0.14, 0.41, 0.55, 0.01, 0.14, 0.15, 0.38, 0.2, 0.02, 0.71, 0.19, 0.01, 0.02, 0.06, 0.17
Average Precison: 0.2469999999999999
F1: 0.6554621848739495, 0.1732283464566929, 0.10730253353204172, 0.16974169741697415, 0.18461538461538463, 0.12883435582822086, 0.1746880570409982, 0.3166023166023166, 0.026509572901325478, 0.0625, 0.4248366013071896, 0.03526448362720403, 0.11038961038961038, 0.07157894736842106, 0.06584362139917695, 0.09427609427609429, 0.003154574132492114, 0.013559322033898305, 0.17105263157894737, 0.2967741935483871, 0.12916666666666668, 0.0365296803652968, NaN, 0.02003338898163606, 0.05591397849462365, 0.07106598984771574, 0.3445378151260504, 0.41984732824427484, 0.006024096385542169, 0.05907172995780591, 0.18518518518518517, 0.10872675250357654, 0.054644808743169404, 0.00808080808080808, 0.14285714285714288, 0.12140575079872203, 0.006944444444444445, 0.01509433962264151, 0.043795620437956206, 0.09289617486338798
Average F1: NaN
AP: 0.708108177086588, 0.3461453135796076, 0.11110278459191894, 0.0687647966247343, 0.7306612759051362, 0.40958891811866827, 0.28767450916424286, 0.20219361407678957, 0.006676360713879404, 0.0069216757741347905, 0.5816345399475407, 0.005132634001055054, 0.036158169259565075, 0.026554214944752207, 0.028349875134987598, 0.04554868370892306, 1.25E-4, 0.007333333333333334, 0.07612851354002645, 0.18417473175767082, 0.19764887515947088, 0.003356935817805383, 0.0, 0.015143290043290044, 0.05064302000796481, 0.028618517582862033, 0.19171960542668565, 0.3481469636515655, 1.1764705882352942E-4, 0.01456730927413607, 0.10056492783966349, 0.18899166970937242, 0.06259402062586741, 3.9384846211552887E-4, 0.5686130781125202, 0.03467195737011701, 1.36986301369863E-4, 9.610983981693363E-4, 0.03249929918986348, 0.019992990299876355
MAP: 0.14320897903987725

Performance Evaluation for term-based model - BM25 - k1 = 1.5 b = 0.75
Recall: 0.5144927536231884, 0.08785046728971962, 0.04553415061295972, 0.16374269005847952, 0.08148148148148149, 0.09453302961275627, 0.09544468546637744, 0.3522012578616352, 0.022452504317789293, 0.06666666666666667, 0.2087378640776699, 0.026936026936026935, 0.11057692307692307, 0.02666666666666667, 0.08808290155440414, 0.25380710659898476, 0.0018726591760299626, 0.06666666666666667, 0.3076923076923077, 0.43636363636363634, 0.07631578947368421, 0.01680672268907563, 0.0, 0.002004008016032064, 0.019178082191780823, 0.0782312925170068, 0.2898550724637681, 0.35802469135802467, 0.004310344827586207, 0.0053475935828877, 0.20967741935483872, 0.09015025041736227, 0.014240506329113924, 0.03291139240506329, 0.06487695749440715, 0.18309859154929578, 0.026595744680851064, 0.01818181818181818, 0.05747126436781609, 0.22932330827067668
Average Recall: 0.12071008239928649
Precison: 0.71, 0.47, 0.26, 0.28, 0.66, 0.83, 0.44, 0.56, 0.13, 0.04, 0.43, 0.08, 0.23, 0.1, 0.34, 0.5, 0.01, 0.13, 0.16, 0.24, 0.29, 0.02, 0.0, 0.01, 0.07, 0.23, 0.4, 0.58, 0.01, 0.02, 0.13, 0.54, 0.09, 0.13, 0.58, 0.39, 0.05, 0.03, 0.1, 0.61
Average Precison: 0.27199999999999996
F1: 0.5966386554621848, 0.14803149606299215, 0.07749627421758569, 0.2066420664206642, 0.14505494505494507, 0.16973415132924338, 0.1568627450980392, 0.43243243243243246, 0.03829160530191459, 0.05, 0.28104575163398693, 0.04030226700251889, 0.14935064935064934, 0.042105263157894736, 0.13991769547325103, 0.33670033670033667, 0.003154574132492114, 0.08813559322033898, 0.2105263157894737, 0.3096774193548387, 0.12083333333333332, 0.0182648401826484, NaN, 0.0033388981636060097, 0.03010752688172043, 0.116751269035533, 0.33613445378151263, 0.44274809160305345, 0.006024096385542169, 0.008438818565400843, 0.16049382716049382, 0.15450643776824036, 0.024590163934426233, 0.05252525252525253, 0.11670020120724345, 0.24920127795527158, 0.03472222222222223, 0.022641509433962263, 0.072992700729927, 0.3333333333333333
Average F1: NaN
AP: 0.6329477650151049, 0.22617695116771613, 0.06844921005569678, 0.08298945670958384, 0.48890198077129327, 0.7329978050094941, 0.20857754188162406, 0.4145718785756053, 0.016711137384053106, 0.00491068917018284, 0.29204868922445787, 0.0073975568306127015, 0.11875122557350007, 0.006992117393831252, 0.12919267924908154, 0.2898333026266212, 2.0E-4, 0.05879431157325335, 0.10795831676673265, 0.18017933919927315, 0.18651421333409007, 0.003958333333333333, 0.0, 0.0011111111111111111, 0.0035903865909869175, 0.14373958086211125, 0.16886082447557982, 0.37473071312457196, 8.333333333333333E-4, 9.88095238095238E-4, 0.0952240634090044, 0.36434183100036927, 0.013660275832333098, 0.029986532350972532, 0.3639669980781842, 0.15593429727425664, 0.00848726705384314, 0.0017164404223227753, 0.04399896309719508, 0.4629353369081031
MAP: 0.16232901377518788

Performance Evaluation for language model - lambda = 0.5
Recall: 0.5797101449275363, 0.08785046728971962, 0.04903677758318739, 0.1695906432748538, 0.06419753086419754, 0.09339407744874716, 0.09978308026030369, 0.3522012578616352, 0.04835924006908463, 0.1, 0.25728155339805825, 0.02356902356902357, 0.10576923076923077, 0.010666666666666666, 0.046632124352331605, 0.19289340101522842, 0.0018726591760299626, 0.07179487179487179, 0.3269230769230769, 0.32727272727272727, 0.08157894736842106, 0.058823529411764705, 0.0, 0.004008016032064128, 0.0027397260273972603, 0.10884353741496598, 0.2971014492753623, 0.3395061728395062, 0.008620689655172414, 0.0053475935828877, 0.14516129032258066, 0.08681135225375626, 0.011075949367088608, 0.03291139240506329, 0.05480984340044743, 0.27699530516431925, 0.026595744680851064, 0.012121212121212121, 0.07471264367816093, 0.22932330827067668
Average Recall: 0.12164715644470522
Precison: 0.8, 0.47, 0.28, 0.29, 0.52, 0.82, 0.46, 0.56, 0.28, 0.06, 0.53, 0.07, 0.22, 0.04, 0.18, 0.38, 0.01, 0.14, 0.17, 0.18, 0.31, 0.07, 0.0, 0.02, 0.01, 0.32, 0.41, 0.55, 0.02, 0.02, 0.09, 0.52, 0.07, 0.13, 0.49, 0.59, 0.05, 0.02, 0.13, 0.61
Average Precison: 0.27225
F1: 0.6722689075630253, 0.14803149606299215, 0.08345752608047691, 0.2140221402214022, 0.1142857142857143, 0.16768916155419225, 0.16399286987522285, 0.43243243243243246, 0.08247422680412371, 0.075, 0.34640522875817, 0.03526448362720403, 0.14285714285714285, 0.016842105263157894, 0.07407407407407407, 0.2558922558922559, 0.003154574132492114, 0.09491525423728814, 0.2236842105263158, 0.232258064516129, 0.12916666666666668, 0.0639269406392694, NaN, 0.006677796327212019, 0.004301075268817204, 0.16243654822335024, 0.3445378151260504, 0.41984732824427484, 0.012048192771084338, 0.008438818565400843, 0.11111111111111112, 0.14878397711015737, 0.01912568306010929, 0.05252525252525253, 0.09859154929577464, 0.37699680511182104, 0.03472222222222223, 0.01509433962264151, 0.09489051094890512, 0.3333333333333333
Average F1: NaN
AP: 0.7114680623738273, 0.2276081610622814, 0.062259752056966954, 0.0767129595616118, 0.27242504750372776, 0.7301251170266349, 0.2260522654645871, 0.40050657559825653, 0.08256595052718799, 0.00926463388008603, 0.38049129906827994, 0.004478039191385056, 0.09827981051347315, 0.0013413391957955672, 0.052933123911704474, 0.21367568010295643, 1.388888888888889E-4, 0.057973098597742787, 0.08302218492701002, 0.12131110487155858, 0.1923524222385141, 0.008912267562869971, 0.0, 0.0013194444444444445, 3.125E-4, 0.18336376266677953, 0.16135192119788086, 0.33103035042335927, 0.0013261648745519713, 3.3118556701030926E-4, 0.05441677136114992, 0.25958315595871934, 0.006206703989410756, 0.032057925340332596, 0.2088432873158156, 0.4465384279258645, 0.007443021042341924, 0.0010263157894736842, 0.04480631755568474, 0.42390648322333313
MAP: 0.15444403807003743

Performance Evaluation for language model - lambda = 0.8
Recall: 0.5579710144927537, 0.08785046728971962, 0.04903677758318739, 0.14619883040935672, 0.06419753086419754, 0.09225512528473805, 0.09978308026030369, 0.34591194968553457, 0.04145077720207254, 0.1, 0.18446601941747573, 0.030303030303030304, 0.09615384615384616, 0.010666666666666666, 0.031088082901554404, 0.18781725888324874, 0.0018726591760299626, 0.06666666666666667, 0.25, 0.32727272727272727, 0.08157894736842106, 0.03361344537815126, 0.0, 0.002004008016032064, 0.0027397260273972603, 0.08503401360544217, 0.2971014492753623, 0.3395061728395062, 0.004310344827586207, 0.00267379679144385, 0.14516129032258066, 0.08514190317195326, 0.00949367088607595, 0.02531645569620253, 0.05480984340044743, 0.26291079812206575, 0.031914893617021274, 0.012121212121212121, 0.07471264367816093, 0.22932330827067668
Average Recall: 0.11376076084822122
Precison: 0.77, 0.47, 0.28, 0.25, 0.52, 0.81, 0.46, 0.55, 0.24, 0.06, 0.38, 0.09, 0.2, 0.04, 0.12, 0.37, 0.01, 0.13, 0.13, 0.18, 0.31, 0.04, 0.0, 0.01, 0.01, 0.25, 0.41, 0.55, 0.01, 0.01, 0.09, 0.51, 0.06, 0.1, 0.49, 0.56, 0.06, 0.02, 0.13, 0.61
Average Precison: 0.25725
F1: 0.6470588235294118, 0.14803149606299215, 0.08345752608047691, 0.18450184501845018, 0.1142857142857143, 0.16564417177914112, 0.16399286987522285, 0.42471042471042475, 0.07069219440353461, 0.075, 0.2483660130718954, 0.04534005037783375, 0.12987012987012989, 0.016842105263157894, 0.04938271604938271, 0.24915824915824916, 0.003154574132492114, 0.08813559322033898, 0.17105263157894737, 0.232258064516129, 0.12916666666666668, 0.0365296803652968, NaN, 0.0033388981636060097, 0.004301075268817204, 0.12690355329949238, 0.3445378151260504, 0.41984732824427484, 0.006024096385542169, 0.004219409282700422, 0.11111111111111112, 0.14592274678111591, 0.01639344262295082, 0.04040404040404041, 0.09859154929577464, 0.3578274760383387, 0.041666666666666664, 0.01509433962264151, 0.09489051094890512, 0.3333333333333333
Average F1: NaN
AP: 0.6827871721937443, 0.22691727448664445, 0.06221008118137736, 0.06423869147431505, 0.27063152798681583, 0.6942427548265371, 0.2260522654645871, 0.3940381327515377, 0.053862484764673285, 0.007684375105663716, 0.2290335968362206, 0.006004056289034706, 0.09013964194985118, 0.001340500414775777, 0.031203239915341876, 0.1991324045858536, 2.127659574468085E-4, 0.04638609846989199, 0.04987488760382896, 0.12131110487155858, 0.1901894268778554, 0.004656798245614035, 0.0, 0.0011111111111111111, 3.125E-4, 0.14581812211391962, 0.16135192119788086, 0.33103035042335927, 0.0016666666666666666, 1.4084507042253522E-4, 0.06395303682603777, 0.25324474873902064, 0.006194979998688438, 0.026699682855433296, 0.20991514451804208, 0.42092343279830197, 0.008772364164521027, 6.961259079903148E-4, 0.04434898099123523, 0.430940128961569
MAP: 0.14398173561493427

Performance Evaluation for language model - lambda = 0.3
Recall: 0.5942028985507246, 0.08785046728971962, 0.04903677758318739, 0.16374269005847952, 0.06419753086419754, 0.09908883826879271, 0.09978308026030369, 0.3522012578616352, 0.05008635578583765, 0.1, 0.28640776699029125, 0.016835016835016835, 0.10096153846153846, 0.010666666666666666, 0.054404145077720206, 0.19289340101522842, 0.0018726591760299626, 0.07179487179487179, 0.38461538461538464, 0.32727272727272727, 0.08157894736842106, 0.058823529411764705, 0.0, 0.004008016032064128, 0.0027397260273972603, 0.10884353741496598, 0.2971014492753623, 0.3395061728395062, 0.008620689655172414, 0.008021390374331552, 0.14516129032258066, 0.08681135225375626, 0.011075949367088608, 0.035443037974683546, 0.053691275167785234, 0.27699530516431925, 0.026595744680851064, 0.012121212121212121, 0.06896551724137931, 0.22180451127819548
Average Recall: 0.12389556820997974
Precison: 0.82, 0.47, 0.28, 0.28, 0.52, 0.87, 0.46, 0.56, 0.29, 0.06, 0.59, 0.05, 0.21, 0.04, 0.21, 0.38, 0.01, 0.14, 0.2, 0.18, 0.31, 0.07, 0.0, 0.02, 0.01, 0.32, 0.41, 0.55, 0.02, 0.03, 0.09, 0.52, 0.07, 0.14, 0.48, 0.59, 0.05, 0.02, 0.12, 0.59
Average Precison: 0.27574999999999994
F1: 0.6890756302521008, 0.14803149606299215, 0.08345752608047691, 0.2066420664206642, 0.1142857142857143, 0.17791411042944785, 0.16399286987522285, 0.43243243243243246, 0.08541973490427099, 0.075, 0.38562091503267976, 0.025188916876574312, 0.13636363636363635, 0.016842105263157894, 0.08641975308641975, 0.2558922558922559, 0.003154574132492114, 0.09491525423728814, 0.2631578947368421, 0.232258064516129, 0.12916666666666668, 0.0639269406392694, NaN, 0.006677796327212019, 0.004301075268817204, 0.16243654822335024, 0.3445378151260504, 0.41984732824427484, 0.012048192771084338, 0.012658227848101266, 0.11111111111111112, 0.14878397711015737, 0.01912568306010929, 0.05656565656565657, 0.096579476861167, 0.37699680511182104, 0.03472222222222223, 0.01509433962264151, 0.08759124087591241, 0.3224043715846994
Average F1: NaN
AP: 0.7286321194918159, 0.22777469809499132, 0.062259752056966954, 0.0748571495234138, 0.27202222483619914, 0.7864007047566889, 0.2260522654645871, 0.4003278951072036, 0.08966124472556646, 0.00930746503026922, 0.4467062736090506, 0.0035901274877713067, 0.09646862415016216, 0.0013408268560707586, 0.06480402724163796, 0.2128130981048639, 1.1627906976744185E-4, 0.056628898589931295, 0.10075654073597104, 0.12121985388127388, 0.19247730660484155, 0.009953484041719337, 0.0, 0.0013333333333333333, 3.125E-4, 0.1887591033677418, 0.16135192119788086, 0.33103035042335927, 6.646676661669165E-4, 6.432924505213663E-4, 0.04657282341931953, 0.2596085927612814, 0.0061669363372899326, 0.03277742989668986, 0.20393415950489824, 0.44805935071911585, 0.006509259259259259, 0.0011145510835913312, 0.04084147485561083, 0.4052341275475743
MAP: 0.15797711833210992

Performance Evaluation for learning model
Recall: 0.5579710144927537, 0.09532710280373832, 0.0595446584938704, 0.15789473684210525, 0.10617283950617284, 0.09681093394077449, 0.12147505422993492, 0.3270440251572327, 0.03626943005181347, 0.11666666666666667, 0.3058252427184466, 0.030303030303030304, 0.10576923076923077, 0.037333333333333336, 0.07772020725388601, 0.20304568527918782, 0.0, 0.02564102564102564, 0.38461538461538464, 0.4909090909090909, 0.08157894736842106, 0.05042016806722689, 0.0, 0.006012024048096192, 0.03287671232876712, 0.09523809523809523, 0.2608695652173913, 0.36419753086419754, 0.008620689655172414, 0.01871657754010695, 0.24193548387096775, 0.1001669449081803, 0.03639240506329114, 0.012658227848101266, 0.07829977628635347, 0.11267605633802817, 0.026595744680851064, 0.04242424242424243, 0.06321839080459771, 0.19924812030075187
Average Recall: 0.12921210989651294
Precison: 0.77, 0.51, 0.34, 0.27, 0.86, 0.85, 0.56, 0.52, 0.21, 0.07, 0.63, 0.09, 0.22, 0.14, 0.3, 0.4, 0.0, 0.05, 0.2, 0.27, 0.31, 0.06, 0.0, 0.03, 0.12, 0.28, 0.36, 0.59, 0.02, 0.07, 0.15, 0.6, 0.23, 0.05, 0.7, 0.24, 0.05, 0.07, 0.11, 0.53
Average Precison: 0.29574999999999996
F1: 0.6470588235294118, 0.16062992125984252, 0.10134128166915052, 0.1992619926199262, 0.18901098901098903, 0.17382413087934562, 0.19964349376114082, 0.4015444015444016, 0.061855670103092786, 0.08750000000000001, 0.4117647058823529, 0.04534005037783375, 0.14285714285714285, 0.05894736842105264, 0.1234567901234568, 0.26936026936026936, NaN, 0.033898305084745756, 0.2631578947368421, 0.34838709677419355, 0.12916666666666668, 0.0547945205479452, NaN, 0.01001669449081803, 0.05161290322580645, 0.14213197969543148, 0.3025210084033614, 0.450381679389313, 0.012048192771084338, 0.029535864978902954, 0.18518518518518517, 0.17167381974248924, 0.06284153005464481, 0.020202020202020204, 0.14084507042253522, 0.15335463258785942, 0.03472222222222223, 0.05283018867924529, 0.08029197080291971, 0.2896174863387978
Average F1: NaN
AP: 0.6864053378365257, 0.27998290196373377, 0.11143709042351835, 0.0983922584537833, 0.730251215750112, 0.7701294893008372, 0.3488199014493152, 0.37368696332463147, 0.04269693428837331, 0.010508403368815268, 0.5564938818230819, 0.00831868971823401, 0.08293633870428424, 0.014733474446522994, 0.12291099639721756, 0.22488867664342194, 0.0, 0.018362597547380156, 0.1757896549294615, 0.21891348577301256, 0.21734475991276578, 0.016651784599839518, 0.0, 9.626578917224645E-4, 0.035120642824933775, 0.15300593063330736, 0.17136293238342862, 0.3868886995468216, 4.1241496598639455E-4, 0.008390215325966288, 0.10217136602676062, 0.4603063720745425, 0.061398404705875834, 0.004073543123543123, 0.5463736463597714, 0.06912895651277395, 0.0037477871498490054, 0.014645837814006003, 0.047770911446475744, 0.3295806156294997
MAP: 0.18762489427675327
